[open_utg]
1111122222222
1111100000000
1111100000000
1201100000000
2000100000000
0000012000000
0000001200000
0000000100000
0000000020000
0000000002000
0000000000200
0000000000020
0000000000002
[open_hj]
1111111111111
1111120000000
1111120000000
1121120000000
1200120000000
0000012000000
0000001200000
0000000120000
0000000010000
0000000002000
0000000000200
0000000000020
0000000000002
[open_co]
1111111111111
1111111000000
1111110000000
1111110000000
1111111000000
1000011100000
0000001100000
0000000110000
0000000011000
0000000001000
0000000000100
0000000000010
0000000000001
[open_btn]
1111111111111
1111111111111
1111111111111
1111111110000
1111111110000
1111111110000
1111111110000
1000001111000
1000000011100
1000000001110
1000000000110
1000000000011
1000000000001
[open_sb]
1111111111111
1111111111111
1111111100000
1111111100000
1111111100000
1111111100000
1000111110000
1000001110000
1000000011000
1000000001100
1000000000110
1000000000010
1000000000001
[call_hj_vs_open_utg]
1111000000000
1110000000000
1010000000000
0001000000000
0000100000000
0000010000000
0000001000000
0000000100000
0000000010000
0000000000000
0000000000000
0000000000000
0000000000000
[call_co_vs_open_utg]
1111000000000
1110000000000
1011000000000
0001000000000
0000100000000
0000010000000
0000001000000
0000000100000
0000000010000
0000000001000
0000000000000
0000000000000
0000000000000
[call_co_vs_open_hj]
1111100000000
1111000000000
1111000000000
1001100000000
0000110000000
0000010000000
0000001000000
0000000100000
0000000010000
0000000000000
0000000000000
0000000000000
0000000000000
[call_btn_vs_open_utg]
1111100000000
1111000000000
1011000000000
0001100000000
0000110000000
0000010000000
0000001000000
0000000100000
0000000010000
0000000001000
0000000000100
0000000000010
0000000000001
[call_btn_vs_open_hj]
1111100000000
1111000000000
1111100000000
1001100000000
0000110000000
0000011000000
0000001000000
0000000100000
0000000010000
0000000001000
0000000000100
0000000000010
0000000000001
[call_btn_vs_open_co]
1111111000000
1111100000000
1111100000000
1101100000000
1000110000000
0000011000000
0000001100000
0000000100000
0000000010000
0000000000000
0000000000000
0000000000000
0000000000000
[call_sb_vs_open_utg]
1110000000000
1100000000000
0010000000000
0001000000000
0000100000000
0000010000000
0000001000000
0000000000000
0000000000000
0000000000000
0000000000000
0000000000000
0000000000000
[call_sb_vs_open_hj]
1111000000000
1110000000000
1010000000000
0001000000000
0000100000000
0000010000000
0000001000000
0000000000000
0000000000000
0000000000000
0000000000000
0000000000000
0000000000000
[call_sb_vs_open_co]
1111120000000
1111200000000
1111200000000
1101200000000
2000100000000
0000010000000
0000001000000
0000000200000
0000000020000
0000000000000
0000000000000
0000000000000
0000000000000
[call_sb_vs_open_btn]
1111111221222
1111120000000
1111120000000
1121120000000
1200110000000
0000011000000
0000001000000
0000000100000
0000000020000
0000000002000
0000000000200
0000000000020
0000000000002
[call_bb_vs_open_utg]
1111000000000
1110000000000
1010000000000
0001000000000
0000100000000
0000010000000
0000001000000
0000000100000
0000000010000
0000000000000
0000000000000
0000000000000
0000000000000
[call_bb_vs_open_hj]
1111100000000
1111000000000
1111000000000
1001100000000
0000110000000
0000010000000
0000001000000
0000000100000
0000000010000
0000000000000
0000000000000
0000000000000
0000000000000
[call_bb_vs_open_co]
1111110000000
1111100000000
1111100000000
1101100000000
1000110000000
0000011000000
0000001000000
0000000100000
0000000010000
0000000000000
0000000000000
0000000000000
0000000000000
[call_bb_vs_open_btn]
1111111222222
1111112000000
1111112000000
1111112000000
1222112000000
2222211200000
2000001120000
0000000120000
0000000012000
0000000002000
0000000000200
0000000000020
0000000000002
[call_bb_vs_open_sb]
1111111111111
1111111112222
1111111120000
1111111100000
1111111100000
1111111120000
1222221110000
2200002112000
2000000212000
2000000002200
2000000000200
2000000000020
2000000000002
[3b_hj_vs_open_utg]
0000000000000
0000000000000
0000000000000
0000000000000
0000000000000
0000000000000
0000000000000
0000000000000
0000000000000
0000000000000
0000000000000
0000000000000
0000000000000
[3b_co_vs_open_utg]
0000000000000
0000000000000
0000000000000
0000000000000
0000000000000
0000000000000
0000000000000
0000000000000
0000000000000
0000000000000
0000000000000
0000000000000
0000000000000
[3b_co_vs_open_hj]
0000000000000
0000000000000
0000000000000
0000000000000
0000000000000
0000000000000
0000000000000
0000000000000
0000000000000
0000000000000
0000000000000
0000000000000
0000000000000
[3b_btn_vs_open_utg]
0000000000000
0000000000000
0000000000000
0000000000000
0000000000000
0000000000000
0000000000000
0000000000000
0000000000000
0000000000000
0000000000000
0000000000000
0000000000000
[3b_btn_vs_open_hj]
0000000000000
0000000000000
0000000000000
0000000000000
0000000000000
0000000000000
0000000000000
0000000000000
0000000000000
0000000000000
0000000000000
0000000000000
0000000000000
[3b_btn_vs_open_co]
0000000000000
0000000000000
0000000000000
0000000000000
0000000000000
0000000000000
0000000000000
0000000000000
0000000000000
0000000000000
0000000000000
0000000000000
0000000000000
[3b_sb_vs_open_utg]
0000000000000
0000000000000
0000000000000
0000000000000
0000000000000
0000000000000
0000000000000
0000000000000
0000000000000
0000000000000
0000000000000
0000000000000
0000000000000
[3b_sb_vs_open_hj]
0000000000000
0000000000000
0000000000000
0000000000000
0000000000000
0000000000000
0000000000000
0000000000000
0000000000000
0000000000000
0000000000000
0000000000000
0000000000000
[3b_sb_vs_open_co]
0000000000000
0000000000000
0000000000000
0000000000000
0000000000000
0000000000000
0000000000000
0000000000000
0000000000000
0000000000000
0000000000000
0000000000000
0000000000000
[3b_sb_vs_open_btn]
0000000000000
0000000000000
0000000000000
0000000000000
0000000000000
0000000000000
0000000000000
0000000000000
0000000000000
0000000000000
0000000000000
0000000000000
0000000000000
[3b_bb_vs_open_utg]
1000000002222
0100000000000
0200000000000
2000000000000
0000000000000
0000000000000
0000000000000
0000000000000
0000000000000
0000000000000
0000000000000
0000000000000
0000000000000
[3b_bb_vs_open_hj]
0000000000000
0000000000000
0000000000000
0000000000000
0000000000000
0000000000000
0000000000000
0000000000000
0000000000000
0000000000000
0000000000000
0000000000000
0000000000000
[3b_bb_vs_open_co]
0000000000000
0000000000000
0000000000000
0000000000000
0000000000000
0000000000000
0000000000000
0000000000000
0000000000000
0000000000000
0000000000000
0000000000000
0000000000000
[3b_bb_vs_open_btn]
0000000000000
0000000000000
0000000000000
0000000000000
0000000000000
0000000000000
0000000000000
0000000000000
0000000000000
0000000000000
0000000000000
0000000000000
0000000000000
[3b_bb_vs_open_sb]
0000000000000
0000000000000
0000000000000
0000000000000
0000000000000
0000000000000
0000000000000
0000000000000
0000000000000
0000000000000
0000000000000
0000000000000
0000000000000
